outcome
1.76204236414356
0.996871395160786
1.85545180698075
1.35647914957691
0.77876449527775
3.15520166264356
2.5994277287289
0.909547211367314
3.18229027836269
0.749053017795328
-0.081633133816073
0.636719170114605
3.82752778569011
-0.439472216555457
2.43457243101422
2.34853238731266
1.63579098824498
1.37310007395528
2.46801686408952
-0.4008325688388
-0.278777708437099
0.313342469904922
1.66458645049668
1.11744916448925
1.60580917850977
1.37133719161331
2.87002082245359
2.03718586478501
1.79985980352289
0.928565132623052
-0.977720963172512
1.64323910293591
0.555464428599225
0.663504890224204
0.00753240969734725
1.41235995122672
1.03171790429298
1.29587162657071
0.352503991814861
-1.25341634550079
-0.110278475979379
0.0404929314901372
2.37209000544465
3.43155174026831
1.52129687426702
1.06229166236644
2.11417938844875
2.46515047073536
1.48503403925856
-0.0331393790113663
1.77233732311215
1.23152127913177
1.25477576800273
1.16176790408800
0.131140500185986
-0.0896782584115612
2.60906596715037
1.06793154338654
-0.176676480977705
0.368110962221007
1.79906264220147
0.417504337629058
0.861047447922595
3.09791915902258
0.785410116986225
0.513718082870299
2.09221832755081
2.70443549970846
3.22447903302565
1.97293160567046
-0.223444050214833
0.793824304844616
0.890167132592642
0.641899189856028
0.860958737658419
1.25979048918126
1.23291664855173
0.903404625961437
3.10659580042653
2.84795563266947
0.992187362254926
1.74887556556183
-1.78320434089022
0.846522821787476
0.128018442783326
-0.239527761887158
-0.428404006862459
0.93861927515559
1.39122012362993
2.1126030503217
1.94054314891378
1.66147434706709
1.42046099600347
0.249877280111349
1.15811832483098
3.15127848970485
1.84043978690601
0.997482006676804
0.228755115734269
1.43470898005073
0.0178469620847749
-0.0972823720185506
1.46265820229004
-0.00437792865667441
1.22390102958977
0.0709068825823003
1.44114252361209
2.22591887440401
0.884832304331777
-0.261687463954192
0.375427091067859
0.526625094163721
0.399283558527133
0.731359537993411
2.08651676211815
0.746011896101002
0.391754034291105
-0.147662880398458
2.30786715779651
1.71994004126063
0.951206355766415
0.742023353433867
-0.680100093429437
0.798117499105079
1.52916745376853
-0.631693977977333
1.76728904757260
0.530406303875891
0.116292590891054
1.07999558653573
1.82573678957461
0.98614828383875
0.383297097332373
0.641753193010006
2.1223163731238
0.303360305979445
0.659585120885809
0.694636901822887
0.174182001701189
2.59842155437723
0.293673131357128
1.63540812097116
1.77324591413992
2.98892383750265
0.121219704098248
0.758135640947475
2.36995301712862
1.05081133405808
1.82592383856035
1.58616430622992
-1.29015012296330
1.58814752492041
1.77661025369822
1.52712529799510
2.21311874362949
1.54017135970732
2.79934034094215
1.04404306504834
3.18985893434559
0.698081162963281
0.0980231995369113
1.00297794390123
0.728475312496726
-0.872352040312876
2.68029252454739
1.37800565201807
0.185400297443659
2.95941255699769
1.39600757785733
1.03014252926291
1.52283686611562
1.59072582972433
1.53370124824828
1.58676707980895
0.750712909289021
2.55592743774479
2.18620758981543
2.89126878910288
2.19154323135501
1.45341509267629
1.22828755884643
0.880411190508742
2.14134576160894
0.500292105041251
1.55305146444935
1.79959608454067
1.06440574686371
1.39989262509602
0.0586502890638687
2.05245132839602
3.38625721448879
1.64390180683203
2.32068692239393
1.78415407402309
2.63603401557361
-1.20877879508012
2.73922309652639
1.64565773369721
2.54826932804035
2.05751904698721
0.283993298366034
1.88128640184492
0.613054433305775
0.293086402605822
2.16053699605142
1.11420289180782
3.58817966088867
2.01483989268531
1.87202197647121
2.01887580110325
1.38211303148424
1.11427899742388
1.94283448558804
2.01239821656552
1.45114536855018
1.37332057672331
2.62805195188529
2.26941347204909
1.20518229833634
-0.135536171488119
1.26703437946686
0.98434823197041
0.932745034243698
0.676012987588304
-0.206784283354126
0.458024818458242
2.02844095716579
-0.701852491364894
-1.22487777556852
1.06507073829390
-0.926056112063527
1.53623881734462
1.20654209821699
0.93919381373061
-0.775926662468335
1.28714416662186
0.292398664365715
1.8009448601415
1.8227934634271
0.629543843940542
1.68492408925487
1.55246358971214
0.669860433505647
0.613410480707796
3.07789804543178
-0.91975749760935
1.25407272230092
1.62174625855474
2.95286292995081
0.367032243254224
0.96250365432921
0.40330816093368
1.77675888320499
1.85876948127785
-0.0746564897720134
2.73874722501767
1.6547921049783
-0.464254799148976
0.94474504197811
2.1608957095857
0.841166842390484
1.09181452552870
0.559365541296479
0.959798978054945
-0.346804274146811
0.199733011693545
1.82445791814279
1.88998744475033
0.59788647312815
1.46159191151655
1.43098460910590
1.99740304733219
2.84232448674079
0.753278688036667
-0.0108305052703992
1.29951839438447
1.02193417155803
-1.09856038009904
0.978349351724824
1.97904839299416
1.40002486234331
2.40981366539970
0.998741356048214
1.67638962932460
0.948599786016642
-0.0550216261571116
0.540855354930008
1.23344592698509
1.45647048611857
1.25225304100567
2.61718642664188
0.899913241896283
1.91702819145787
1.80241193124872
-0.800382900144615
0.279803934248474
1.37729404424998
1.43522112719741
0.433995648253568
1.8176617253923
